[me.jpg]
filters=finetune2=1,0.000000,0.000000,0.480000,00000000,0.000000;bw=1;finetune2=1,0.000000,0.000000,0.480000,00000000,0.000000;Holga=1,70.000000,30.000000,0.000000;finetune2=1,0.000000,0.000000,0.480000,00000000,0.000000;bw=1;Orton=1,25.000000,50.000000,0.000000;finetune2=1,0.000000,0.000000,0.480000,00000000,1.000000;sat=1,0.161800;HDR=1,20.000000,3.000000,0.000000;Comicize=1,20.000000,50.000000,50.000000;fill=1,0.429907;
moddate=22059da2e556cf01
width=306
height=394
textactive=0
